15 0.00000000000000
16 0.75743034519947
17 0.13582990780778
18 0.05430314242957
19 0.05199478406970
20 0.00044182049247
21 0.00000000000100
22 0.00000000000000
23 0.00000000000000
24 0.00000000000000
25 0.00000000000000
26 0.00000000000000
27 0.00000000000000
28 0.00000000000000
29 0.00000000000000
30 0.00000000000000
31 0.00000000000000
32 0.00000000000000
33 0.00000000000000
34 0.00000000000000
35 0.00000000000000
36 0.00000000000000
37 0.00000000000000
38 0.00000000000000
39 0.00000000000000
40 0.00000000000000
41 0.00000000000000
42 0.00000000000000
43 0.00000000000000
44 0.00000000000000
45 0.00000000000000
46 0.00000000000000
47 0.00000000000000
48 0.00000000000000
49 0.00000000000000
50 0.00000000000000
51 0.00000000000000
52 0.00000000000000
53 0.00000000000000
54 0.00000000000000
