15 0.00000000000000
16 0.00000000000000
17 0.00000000000005
18 0.11077299546008
19 0.07261378831555
20 0.07777024411919
21 0.05317549243573
22 0.03905125051676
23 0.04645712223726
24 0.03070705574787
25 0.03290041687272
26 0.03213059249974
27 0.04386722249696
28 0.04386722249696
29 0.01317278122447
30 0.01973992475262
31 0.01967594409930
32 0.01754688899878
33 0.01096680562424
34 0.01096680562424
35 0.01535352787393
36 0.01754688899878
37 0.00877344449939
38 0.01535352787393
39 0.00877344449939
40 0.01316016674909
41 0.01754688899878
42 0.05044730587150
43 0.08115436161937
44 0.03728713912241
45 0.01316016674909
46 0.01535352787394
47 0.00658008337454
48 0.00219336112485
49 0.00658008337454
50 0.00219336112485
51 0.00219336112485
52 0.00877344449939
53 0.00000000000000
54 0.00219336112485
