15 0.00000000000000
16 0.00000000000291
17 0.00101095353630
18 0.96966459083736
19 0.01908437836150
20 0.00400835222978
21 0.00588728143708
22 0.00017861298448
23 0.00000000000000
24 0.00000000000000
25 0.00000000000000
26 0.00000000000000
27 0.00000000000000
28 0.00000000000000
29 0.00016583061067
30 0.00000000000000
31 0.00000000000000
32 0.00000000000000
33 0.00000000000000
34 0.00000000000000
35 0.00000000000000
36 0.00000000000000
37 0.00000000000000
38 0.00000000000000
39 0.00000000000000
40 0.00000000000000
41 0.00000000000000
42 0.00000000000000
43 0.00000000000000
44 0.00000000000000
45 0.00000000000000
46 0.00000000000000
47 0.00000000000000
48 0.00000000000000
49 0.00000000000000
50 0.00000000000000
51 0.00000000000000
52 0.00000000000000
53 0.00000000000000
54 0.00000000000000
